2.05 2.05 2.05 2.05 2.05
2.05 2.05 2.05 2.05 2.05
2.05 2.05 2.05 2.01 -0.13
0 0 0 0 0
0 0 0 0 0.51
0.51 0.51 0.51 0.51 0.51
0.51 0.51 0.51 1.01 1.01
1.01 1.01 1.01 1.01 1.01
1.01 1.01 1.01 1.01 1.01
1.01 1.01 1.01 1.01 1.01
1.01 1.01 1.01 1.01 1.01
1.01 1.01 1.01 1.01 1.01
1.01 1.01 1.01 1.01 1.01
1.01 1.01 1.01 1.01 1.01
1.01 1.01 1.01 1.01 1.01
1.01 1.01 1.01 1.01 1.01
4.85 4.85 4.85 4.85 4.85
4.85 4.85 4.85 4.85 4.85
4.85 4.85 4.85 4.85 4.85
4.85 4.85 4.85 4.85 4.85
4.85 4.85 4.85 4.85 4.85
4.85 4.85 4.85 4.85 4.85
4.85 4.85 4.85 4.85 4.85
4.85 4.85 4.85 4.85 4.85
4.85 4.85 4.85 4.85 4.85
4.85 4.85 4.85 4.85 4.85
4.85 4.85 4.85 4.85 4.85
0
